0,14,28,42,56,70,84,
1,15,29,43,57,71,94,
2,16,30,44,58,72,92,
3,17,31,45,59,73,93,
4,18,32,46,60,74,96,
5,19,33,47,61,75,95,
6,20,34,48,62,76,97,
7,21,35,49,63,77,91,
8,22,36,50,64,78,87,
9,23,37,51,65,79,85,
10,24,38,52,66,80,86,
11,25,39,53,67,81,89,
12,26,40,54,68,82,88,
13,27,41,55,69,83,90,


0,14,28,42,56,70,84
10,24,38,52,66,80,94
8,22,36,50,64,78,92
9,23,37,51,65,79,93
12,26,40,54,68,82,96
11,25,39,53,67,81,95
13,27,41,55,69,83,97
7,21,35,49,63,77,91
3,17,31,45,59,73,87
1,15,29,43,57,71,85
2,16,30,44,58,72,86
5,19,33,47,61,75,89
4,18,32,46,60,74,88
6,20,34,48,62,76,90
